5 38 9 

1 0 0 0 0 0 0 0 99654 49.4 1 14.2 12.9 32 90.2 38.3 49.8 52.2 1.1 45.5 35.5 17.8 39.6 22.5 29 70.5 6.5 16.3 7.8 42 16.7 18.9 19.9 0.1 0.7 0.4 0.7 0.1

44.4 12.4 18.6 22.2 0.7 0 1.7 0 0 

0 0 0 0 0 0 0 0 99654 49.4 1 14.2 12.9 32 90.2 38.3 49.8 52.2 1.1 45.5 35.5 17.8 39.6 22.5 29 70.5 6.5 16.3 7.8 39.5 15.8 22.6 17.7 1.9 0.4 0.1 1.1 0.6

42.5 9.4 23.9 22.3 1.9 0 0 0 0 

0 0 0 0 0 0 1 0 86004 48.6 0 17.3 19.8 37.5 98.9 51.3 41.2 50.6 1.1 59.8 25.3 12.7 26.2 29.8 21 68.9 11.4 14.9 7.4 42 16.7 18.9 19.9 0.1 0.7 0.4 0.7 0.1

17.2 30.9 10.8 39.6 0 1.5 0 0 0

0 0 0 0 0 0 0 0 95314 48.3 1 12.9 13.3 37.9 90.3 40.8 46.2 55.1 1.3 51.5 22 25.5 50.1 19.8 35.2 63.9 3 13 10.1 42 16.7 18.9 19.9 0.1 0.7 0.4 0.7 0.1

43.4 10.9 19.4 20.4 0 0 0 5.1 0.7

0 0 0 0 0 0 1 0 87402 47.1 1 18.2 15.5 45.6 96.4 65.6 25.4 44.9 2.9 47 43.3 9.1 50.1 42.2 12.7 63.2 7.7 17.4 6.8 42 16.7 18.9 19.9 0.1 0.7 0.4 0.7 0.1 

61.6 4.5 5 24.7 1.4 0.6 2.1 0 0


